Interval=	0,01 s
ExcelDateTime=	4,1975582292743056e+004	02.12.2014 13:58:30,093
TimeFormat=	StartOfBlock
ChannelTitle=	Channel 1
Range=	20,000 mV
0,0	-8,177
0,01	-7,961
0,02	-7,773
0,03	-7,606
0,04	-7,451
0,05	-7,301
0,06	-7,151
0,07	-6,987
0,08	-6,813
0,09	-6,649
0,1	-6,495
0,11	-6,345
0,12	-6,192
0,13	-6,033
0,14	-5,906
0,15	-5,841
0,16	-5,871
0,17	-5,989
0,18	-6,029
0,19	-5,863
0,2	-5,553
0,21	-5,221
0,22	-4,944
0,23	-4,758
0,24	-4,706
0,25	-4,869
0,26	-5,306
0,27	-5,909
0,28	-6,420
0,29	-6,664
0,3	-6,668
0,31	-6,581
0,32	-6,489
0,33	-6,391
0,34	-6,289
0,35	-6,236
0,36	-6,294
0,37	-6,319
0,38	-6,132
0,39	-5,867
0,4	-5,660
0,41	-5,491
0,42	-5,354
0,43	-5,245
0,44	-5,142
0,45	-5,012
0,46	-4,843
0,47	-4,673
0,48	-4,495
0,49	-4,260
0,5	-3,996
0,51	-3,798
0,52	-3,723
0,53	-3,734
0,54	-3,775
0,55	-3,785
0,56	-3,671
0,57	-3,320
0,58	-2,683
0,59	-1,837
0,6	-0,941
0,61	-0,111
0,62	0,676
0,63	1,530
0,64	2,591
0,65	3,949
0,66	5,504
0,67	6,955
0,68	8,090
0,69	8,928
0,7	9,565
0,71	10,073
0,72	10,430
0,73	10,531
0,74	10,319
0,75	9,862
0,76	9,273
0,77	8,600
0,78	7,831
0,79	6,970
0,8	6,043
0,81	5,056
0,82	4,053
0,83	3,152
0,84	2,419
0,85	1,817
0,86	1,281
0,87	0,664
0,88	-0,100
0,89	-0,658
0,9	-0,769
0,91	-0,704
0,92	-0,669
0,93	-0,684
0,94	-0,773
0,95	-0,928
0,96	-1,085
0,97	-1,192
0,98	-1,259
0,99	-1,316
1,0	-1,376
1,01	-1,430
1,02	-1,464
1,03	-1,453
1,04	-1,364
1,05	-1,166
1,06	-0,871
1,07	-0,537
1,08	-0,238
1,09	-0,032
1,1	0,063
1,11	0,079
1,12	0,076
1,13	0,092
1,14	0,144
1,15	0,242
1,16	0,386
1,17	0,571
1,18	0,781
1,19	0,995
1,2	1,191
1,21	1,357
1,22	1,488
1,23	1,583
1,24	1,631
1,25	1,626
1,26	1,579
1,27	1,511
1,28	1,445
1,29	1,399
1,3	1,386
1,31	1,411
1,32	1,468
1,33	1,536
1,34	1,581
1,35	1,584
1,36	1,555
1,37	1,516
1,38	1,492
1,39	1,499
1,4	1,529
1,41	1,564
1,42	1,591
1,43	1,604
1,44	1,603
1,45	1,592
1,46	1,584
1,47	1,590
1,48	1,615
1,49	1,657
1,5	1,711
1,51	1,768
1,52	1,809
1,53	1,837
1,54	1,878
1,55	1,953
1,56	2,054
1,57	2,158
1,58	2,248
1,59	2,304
1,6	2,309
1,61	2,271
1,62	2,217
1,63	2,161
1,64	2,114
1,65	2,084
1,66	2,067
1,67	2,043
1,68	2,001
1,69	1,946
1,7	1,891
1,71	1,840
1,72	1,787
1,73	1,727
1,74	1,661
1,75	1,593
1,76	1,526
1,77	1,468
1,78	1,422
1,79	1,383
1,8	1,345
1,81	1,309
1,82	1,280
1,83	1,269
1,84	1,288
1,85	1,333
1,86	1,378
1,87	1,398
1,88	1,379
1,89	1,338
1,9	1,298
1,91	1,284
1,92	1,308
1,93	1,361
1,94	1,426
1,95	1,481
1,96	1,513
1,97	1,519
1,98	1,510
1,99	1,501
2,0	1,502
2,01	1,510
2,02	1,524
2,03	1,554
2,04	1,607
2,05	1,664
2,06	1,688
2,07	1,674
2,08	1,646
2,09	1,617
2,1	1,589
2,11	1,554
2,12	1,505
2,13	1,445
2,14	1,395
2,15	1,363
2,16	1,336
2,17	1,302
2,18	1,263
2,19	1,221
2,2	1,183
2,21	1,155
2,22	1,144
2,23	1,153
2,24	1,175
2,25	1,195
2,26	1,203
2,27	1,193
2,28	1,165
2,29	1,128
2,3	1,099
2,31	1,086
2,32	1,090
2,33	1,106
2,34	1,127
2,35	1,148
2,36	1,165
2,37	1,179
2,38	1,191
2,39	1,202
2,4	1,213
2,41	1,229
2,42	1,256
2,43	1,296
2,44	1,342
2,45	1,385
2,46	1,421
2,47	1,447
2,48	1,466
2,49	1,482
2,5	1,495
2,51	1,507
2,52	1,521
2,53	1,540
2,54	1,564
2,55	1,592
2,56	1,628
2,57	1,679
2,58	1,741
2,59	1,786
2,6	1,794
2,61	1,778
2,62	1,775
2,63	1,798
2,64	1,838
2,65	1,875
2,66	1,893
2,67	1,896
2,68	1,899
2,69	1,900
2,7	1,891
2,71	1,869
2,72	1,843
2,73	1,823
2,74	1,818
2,75	1,830
2,76	1,851
2,77	1,871
2,78	1,885
2,79	1,894
2,8	1,903
2,81	1,909
2,82	1,906
2,83	1,892
2,84	1,873
2,85	1,857
2,86	1,850
2,87	1,851
2,88	1,853
2,89	1,855
2,9	1,856
2,91	1,861
2,92	1,872
2,93	1,886
2,94	1,898
2,95	1,906
2,96	1,913
2,97	1,916
2,98	1,918
2,99	1,916
3,0	1,912
3,01	1,908
3,02	1,906
3,03	1,906
3,04	1,908
3,05	1,909
3,06	1,910
3,07	1,911
3,08	1,913
3,09	1,914
3,1	1,918
3,11	1,921
3,12	1,921
3,13	1,919
3,14	1,919
3,15	1,923
3,16	1,926
3,17	1,928
3,18	1,928
3,19	1,928
3,2	1,929
3,21	1,929
3,22	1,927
3,23	1,922
3,24	1,917
3,25	1,911
3,26	1,906
3,27	1,903
3,28	1,899
3,29	1,898
3,3	1,905
3,31	1,918
3,32	1,916
3,33	1,893
3,34	1,871
3,35	1,868
3,36	1,871
3,37	1,861
3,38	1,843
3,39	1,826
3,4	1,816
3,41	1,816
3,42	1,812
3,43	1,792
3,44	1,753
3,45	1,704
3,46	1,654
3,47	1,616
3,48	1,590
3,49	1,575
3,5	1,563
3,51	1,544
3,52	1,519
3,53	1,497
3,54	1,481
3,55	1,469
3,56	1,454
3,57	1,429
3,58	1,396
3,59	1,360
3,6	1,328
3,61	1,300
3,62	1,278
3,63	1,266
3,64	1,264
3,65	1,266
3,66	1,261
3,67	1,244
3,68	1,216
3,69	1,183
3,7	1,151
3,71	1,121
3,72	1,093
3,73	1,059
3,74	1,019
3,75	0,974
3,76	0,929
3,77	0,888
3,78	0,849
3,79	0,811
3,8	0,774
3,81	0,736
3,82	0,696
3,83	0,654
3,84	0,614
3,85	0,581
3,86	0,553
3,87	0,531
3,88	0,515
3,89	0,501
3,9	0,488
3,91	0,471
3,92	0,451
3,93	0,427
3,94	0,402
3,95	0,375
3,96	0,348
3,97	0,326
3,98	0,320
3,99	0,327
4,0	0,328
4,01	0,312
4,02	0,298
4,03	0,300
4,04	0,302
4,05	0,291
4,06	0,268
4,07	0,238
4,08	0,209
4,09	0,194
4,1	0,194
4,11	0,199
4,12	0,197
4,13	0,183
4,14	0,162
4,15	0,145
4,16	0,139
4,17	0,146
4,18	0,158
4,19	0,165
4,2	0,167
4,21	0,167
4,22	0,170
4,23	0,171
4,24	0,168
4,25	0,163
4,26	0,155
4,27	0,147
4,28	0,139
4,29	0,133
4,3	0,130
4,31	0,133
4,32	0,138
4,33	0,144
4,34	0,147
4,35	0,147
4,36	0,146
4,37	0,146
4,38	0,151
4,39	0,162
4,4	0,173
4,41	0,179
4,42	0,181
4,43	0,183
4,44	0,184
4,45	0,186
4,46	0,188
4,47	0,191
4,48	0,193
4,49	0,197
4,5	0,203
4,51	0,209
4,52	0,216
4,53	0,224
4,54	0,233
4,55	0,246
4,56	0,266
4,57	0,292
4,58	0,321
4,59	0,349
4,6	0,371
4,61	0,387
4,62	0,405
4,63	0,433
4,64	0,466
4,65	0,481
4,66	0,469
4,67	0,454
4,68	0,457
4,69	0,470
4,7	0,476
4,71	0,461
4,72	0,424
4,73	0,376
4,74	0,338
4,75	0,315
4,76	0,301
4,77	0,286
4,78	0,264
4,79	0,242
4,8	0,228
4,81	0,226
4,82	0,238
4,83	0,260
4,84	0,280
4,85	0,294
4,86	0,302
4,87	0,310
4,88	0,322
4,89	0,338
4,9	0,352
4,91	0,364
4,92	0,374
4,93	0,381
4,94	0,385
4,95	0,383
4,96	0,377
4,97	0,370
4,98	0,364
4,99	0,359
5,0	0,357
5,01	0,363
5,02	0,374
5,03	0,387
5,04	0,391
5,05	0,383
5,06	0,364
5,07	0,349
5,08	0,346
5,09	0,357
5,1	0,376
5,11	0,391
5,12	0,399
5,13	0,399
5,14	0,398
5,15	0,401
5,16	0,404
5,17	0,398
5,18	0,383
5,19	0,362
5,2	0,345
5,21	0,339
5,22	0,344
5,23	0,357
5,24	0,373
5,25	0,396
5,26	0,431
5,27	0,464
5,28	0,474
5,29	0,464
5,3	0,457
5,31	0,468
5,32	0,490
5,33	0,509
5,34	0,508
5,35	0,494
5,36	0,485
5,37	0,492
5,38	0,511
5,39	0,527
5,4	0,533
5,41	0,529
5,42	0,529
5,43	0,544
5,44	0,569
5,45	0,597
5,46	0,622
5,47	0,651
5,48	0,685
5,49	0,719
5,5	0,743
5,51	0,754
5,52	0,755
5,53	0,759
5,54	0,775
5,55	0,800
5,56	0,828
5,57	0,854
5,58	0,881
5,59	0,909
5,6	0,938
5,61	0,964
5,62	0,984
5,63	1,000
5,64	1,018
5,65	1,039
5,66	1,059
5,67	1,075
5,68	1,086
5,69	1,094
5,7	1,101
5,71	1,108
5,72	1,116
5,73	1,126
5,74	1,137
5,75	1,150
5,76	1,164
5,77	1,177
5,78	1,188
5,79	1,194
5,8	1,196
5,81	1,193
5,82	1,189
5,83	1,192
5,84	1,217
5,85	1,268
5,86	1,321
5,87	1,345
5,88	1,343
5,89	1,340
5,9	1,349
5,91	1,359
5,92	1,358
5,93	1,341
5,94	1,319
5,95	1,309
5,96	1,315
5,97	1,334
5,98	1,353
5,99	1,360
6,0	1,356
6,01	1,349
6,02	1,349
6,03	1,358
6,04	1,376
6,05	1,408
6,06	1,449
6,07	1,492
6,08	1,525
6,09	1,543
6,1	1,553
6,11	1,565
6,12	1,581
6,13	1,601
6,14	1,619
6,15	1,637
6,16	1,654
6,17	1,671
6,18	1,683
6,19	1,693
6,2	1,706
6,21	1,726
6,22	1,747
6,23	1,763
6,24	1,778
6,25	1,801
6,26	1,839
6,27	1,888
6,28	1,939
6,29	1,982
6,3	2,012
6,31	2,041
6,32	2,075
6,33	2,109
6,34	2,134
6,35	2,149
6,36	2,161
6,37	2,176
6,38	2,206
6,39	2,256
6,4	2,311
6,41	2,341
6,42	2,336
6,43	2,319
6,44	2,322
6,45	2,339
6,46	2,346
6,47	2,345
6,48	2,346
6,49	2,357
6,5	2,368
6,51	2,364
6,52	2,344
6,53	2,311
6,54	2,271
6,55	2,232
6,56	2,198
6,57	2,169
6,58	2,146
6,59	2,123
6,6	2,099
6,61	2,074
6,62	2,046
6,63	2,011
6,64	1,968
6,65	1,918
6,66	1,864
6,67	1,808
6,68	1,748
6,69	1,686
6,7	1,622
6,71	1,556
6,72	1,490
6,73	1,423
6,74	1,356
6,75	1,287
6,76	1,218
6,77	1,149
6,78	1,082
6,79	1,014
6,8	0,946
6,81	0,876
6,82	0,801
6,83	0,724
6,84	0,646
6,85	0,569
6,86	0,499
6,87	0,435
6,88	0,374
6,89	0,315
6,9	0,263
6,91	0,224
6,92	0,191
6,93	0,143
6,94	0,083
6,95	0,027
6,96	-0,013
6,97	-0,043
6,98	-0,077
6,99	-0,120
7,0	-0,166
7,01	-0,208
7,02	-0,242
7,03	-0,272
7,04	-0,302
7,05	-0,339
7,06	-0,381
7,07	-0,424
7,08	-0,463
7,09	-0,495
7,1	-0,521
7,11	-0,539
7,12	-0,551
7,13	-0,559
7,14	-0,572
7,15	-0,591
7,16	-0,612
7,17	-0,628
7,18	-0,638
7,19	-0,645
7,2	-0,657
7,21	-0,677
7,22	-0,702
7,23	-0,728
7,24	-0,751
7,25	-0,768
7,26	-0,777
7,27	-0,782
7,28	-0,785
7,29	-0,787
7,3	-0,790
7,31	-0,793
7,32	-0,798
7,33	-0,806
7,34	-0,816
7,35	-0,828
7,36	-0,839
7,37	-0,849
7,38	-0,861
7,39	-0,876
7,4	-0,889
7,41	-0,892
7,42	-0,876
7,43	-0,848
7,44	-0,829
7,45	-0,824
7,46	-0,823
7,47	-0,818
7,48	-0,806
7,49	-0,791
7,5	-0,779
7,51	-0,774
7,52	-0,773
7,53	-0,771
7,54	-0,761
7,55	-0,739
7,56	-0,703
7,57	-0,656
7,58	-0,607
7,59	-0,568
7,6	-0,547
7,61	-0,547
7,62	-0,558
7,63	-0,565
7,64	-0,565
7,65	-0,564
7,66	-0,571
7,67	-0,587
7,68	-0,608
7,69	-0,628
7,7	-0,642
7,71	-0,647
7,72	-0,646
7,73	-0,640
7,74	-0,636
7,75	-0,639
7,76	-0,648
7,77	-0,662
7,78	-0,674
7,79	-0,679
7,8	-0,678
7,81	-0,672
7,82	-0,666
7,83	-0,664
7,84	-0,667
7,85	-0,671
7,86	-0,674
7,87	-0,676
7,88	-0,681
7,89	-0,693
7,9	-0,707
7,91	-0,720
7,92	-0,721
7,93	-0,704
7,94	-0,684
7,95	-0,683
7,96	-0,691
7,97	-0,691
7,98	-0,676
7,99	-0,652
8,0	-0,629
8,01	-0,623
8,02	-0,637
8,03	-0,658
8,04	-0,676
8,05	-0,687
8,06	-0,689
8,07	-0,686
8,08	-0,678
8,09	-0,667
8,1	-0,653
8,11	-0,633
8,12	-0,607
8,13	-0,575
8,14	-0,543
8,15	-0,517
8,16	-0,498
8,17	-0,483
8,18	-0,469
8,19	-0,450
8,2	-0,425
8,21	-0,393
8,22	-0,357
8,23	-0,319
8,24	-0,281
8,25	-0,241
8,26	-0,201
8,27	-0,163
8,28	-0,127
8,29	-0,090
8,3	-0,049
8,31	-0,005
8,32	0,037
8,33	0,073
8,34	0,103
8,35	0,129
8,36	0,158
8,37	0,189
8,38	0,222
8,39	0,252
8,4	0,279
8,41	0,310
8,42	0,355
8,43	0,413
8,44	0,464
8,45	0,497
8,46	0,519
8,47	0,547
8,48	0,585
8,49	0,628
8,5	0,665
8,51	0,689
8,52	0,701
8,53	0,711
8,54	0,726
8,55	0,745
8,56	0,763
8,57	0,777
8,58	0,787
8,59	0,799
8,6	0,814
8,61	0,834
8,62	0,865
8,63	0,907
8,64	0,959
8,65	1,008
8,66	1,051
8,67	1,084
8,68	1,115
8,69	1,151
8,7	1,192
8,71	1,231
8,72	1,268
8,73	1,304
8,74	1,342
8,75	1,382
8,76	1,423
8,77	1,467
8,78	1,514
8,79	1,565
8,8	1,617
8,81	1,663
8,82	1,701
8,83	1,732
8,84	1,761
8,85	1,793
8,86	1,832
8,87	1,877
8,88	1,921
8,89	1,957
8,9	1,984
8,91	2,016
8,92	2,060
8,93	2,111
8,94	2,144
8,95	2,147
8,96	2,144
8,97	2,163
8,98	2,199
8,99	2,229
9,0	2,246
9,01	2,260
9,02	2,281
9,03	2,304
9,04	2,317
9,05	2,314
9,06	2,301
9,07	2,283
9,08	2,268
9,09	2,265
9,1	2,282
9,11	2,321
9,12	2,371
9,13	2,421
9,14	2,462
9,15	2,491
9,16	2,508
9,17	2,523
9,18	2,544
9,19	2,571
9,2	2,596
9,21	2,618
9,22	2,640
9,23	2,668
9,24	2,697
9,25	2,724
9,26	2,749
9,27	2,772
9,28	2,794
9,29	2,816
9,3	2,834
9,31	2,846
9,32	2,854
9,33	2,861
9,34	2,866
9,35	2,868
9,36	2,861
9,37	2,849
9,38	2,837
9,39	2,824
9,4	2,813
9,41	2,811
9,42	2,813
9,43	2,798
9,44	2,748
9,45	2,675
9,46	2,618
9,47	2,592
9,48	2,565
9,49	2,510
9,5	2,438
9,51	2,369
9,52	2,311
9,53	2,253
9,54	2,186
9,55	2,106
9,56	2,021
9,57	1,936
9,58	1,856
9,59	1,782
9,6	1,717
9,61	1,662
9,62	1,613
9,63	1,564
9,64	1,511
9,65	1,449
9,66	1,379
9,67	1,306
9,68	1,234
9,69	1,166
9,7	1,099
9,71	1,031
9,72	0,962
9,73	0,896
9,74	0,833
9,75	0,774
9,76	0,716
9,77	0,657
9,78	0,598
9,79	0,541
9,8	0,487
9,81	0,437
9,82	0,388
9,83	0,340
9,84	0,292
9,85	0,246
9,86	0,201
9,87	0,158
9,88	0,116
9,89	0,072
9,9	0,036
9,91	0,009
9,92	-0,019
9,93	-0,062
9,94	-0,116
9,95	-0,163
9,96	-0,189
9,97	-0,200
9,98	-0,220
9,99	-0,258
10,0	-0,306
10,01	-0,354
10,02	-0,393
10,03	-0,425
10,04	-0,455
10,05	-0,487
10,06	-0,521
10,07	-0,553
10,08	-0,582
10,09	-0,606
10,1	-0,624
10,11	-0,638
10,12	-0,646
10,13	-0,656
10,14	-0,669
10,15	-0,683
10,16	-0,696
10,17	-0,706
10,18	-0,716
10,19	-0,726
10,2	-0,734
10,21	-0,738
10,22	-0,739
10,23	-0,745
10,24	-0,756
10,25	-0,773
10,26	-0,789
10,27	-0,799
10,28	-0,802
10,29	-0,802
10,3	-0,804
10,31	-0,812
10,32	-0,824
10,33	-0,838
10,34	-0,853
10,35	-0,864
10,36	-0,874
10,37	-0,885
10,38	-0,896
10,39	-0,899
10,4	-0,886
10,41	-0,864
10,42	-0,849
10,43	-0,845
10,44	-0,844
10,45	-0,841
10,46	-0,837
10,47	-0,831
10,48	-0,824
10,49	-0,816
10,5	-0,809
10,51	-0,807
10,52	-0,809
10,53	-0,816
10,54	-0,824
10,55	-0,835
10,56	-0,848
10,57	-0,859
10,58	-0,864
10,59	-0,864
10,6	-0,863
10,61	-0,858
10,62	-0,849
10,63	-0,839
10,64	-0,829
10,65	-0,823
10,66	-0,820
10,67	-0,819
10,68	-0,817
10,69	-0,816
10,7	-0,816
10,71	-0,822
10,72	-0,834
10,73	-0,851
10,74	-0,869
10,75	-0,877
10,76	-0,874
10,77	-0,864
10,78	-0,854
10,79	-0,846
10,8	-0,843
10,81	-0,839
10,82	-0,834
10,83	-0,833
10,84	-0,835
10,85	-0,844
10,86	-0,854
10,87	-0,865
10,88	-0,874
10,89	-0,873
10,9	-0,853
10,91	-0,820
10,92	-0,802
10,93	-0,807
10,94	-0,820
10,95	-0,833
10,96	-0,844
10,97	-0,854
10,98	-0,869
10,99	-0,894
11,0	-0,922
11,01	-0,943
11,02	-0,951
11,03	-0,953
11,04	-0,955
11,05	-0,959
11,06	-0,963
11,07	-0,956
11,08	-0,933
11,09	-0,899
11,1	-0,859
11,11	-0,821
11,12	-0,791
11,13	-0,770
11,14	-0,755
11,15	-0,744
11,16	-0,735
11,17	-0,723
11,18	-0,704
11,19	-0,679
11,2	-0,652
11,21	-0,624
11,22	-0,593
11,23	-0,559
11,24	-0,526
11,25	-0,494
11,26	-0,462
11,27	-0,426
11,28	-0,385
11,29	-0,342
11,3	-0,296
11,31	-0,249
11,32	-0,197
11,33	-0,139
11,34	-0,078
11,35	-0,019
11,36	0,031
11,37	0,071
11,38	0,107
11,39	0,154
11,4	0,219
11,41	0,284
11,42	0,331
11,43	0,369
11,44	0,419
11,45	0,487
11,46	0,564
11,47	0,636
11,48	0,686
11,49	0,714
11,5	0,735
11,51	0,764
11,52	0,801
11,53	0,839
11,54	0,869
11,55	0,892
11,56	0,912
11,57	0,937
11,58	0,969
11,59	1,013
11,6	1,068
11,61	1,131
11,62	1,195
11,63	1,247
11,64	1,283
11,65	1,306
11,66	1,323
11,67	1,341
11,68	1,362
11,69	1,386
11,7	1,411
11,71	1,433
11,72	1,448
11,73	1,455
11,74	1,455
11,75	1,450
11,76	1,446
11,77	1,446
11,78	1,454
11,79	1,470
11,8	1,489
11,81	1,502
11,82	1,510
11,83	1,514
11,84	1,516
11,85	1,513
11,86	1,500
11,87	1,482
11,88	1,471
11,89	1,481
11,9	1,500
11,91	1,504
11,92	1,485
11,93	1,464
11,94	1,462
11,95	1,471
11,96	1,471
11,97	1,456
11,98	1,438
11,99	1,431
12,0	1,446
12,01	1,480
12,02	1,520
12,03	1,554
12,04	1,574
12,05	1,573
12,06	1,556
12,07	1,532
12,08	1,514
12,09	1,512
12,1	1,524
12,11	1,536
12,12	1,541
12,13	1,542
12,14	1,556
12,15	1,590
12,16	1,632
12,17	1,668
12,18	1,698
12,19	1,724
12,2	1,751
12,21	1,773
12,22	1,789
12,23	1,803
12,24	1,817
12,25	1,833
12,26	1,848
12,27	1,862
12,28	1,876
12,29	1,892
12,3	1,908
12,31	1,922
12,32	1,931
12,33	1,938
12,34	1,941
12,35	1,939
12,36	1,926
12,37	1,907
12,38	1,884
12,39	1,857
12,4	1,810
12,41	1,737
12,42	1,655
12,43	1,595
12,44	1,566
12,45	1,539
12,46	1,491
12,47	1,428
12,48	1,359
12,49	1,293
12,5	1,226
12,51	1,146
12,52	1,055
12,53	0,961
12,54	0,876
12,55	0,804
12,56	0,742
12,57	0,687
12,58	0,638
12,59	0,589
12,6	0,538
12,61	0,480
12,62	0,414
12,63	0,346
12,64	0,283
12,65	0,226
12,66	0,169
12,67	0,113
12,68	0,057
12,69	0,004
12,7	-0,049
12,71	-0,104
12,72	-0,158
12,73	-0,208
12,74	-0,254
12,75	-0,295
12,76	-0,334
12,77	-0,374
12,78	-0,416
12,79	-0,459
12,8	-0,501
12,81	-0,540
12,82	-0,573
12,83	-0,603
12,84	-0,635
12,85	-0,671
12,86	-0,709
12,87	-0,740
12,88	-0,758
12,89	-0,774
12,9	-0,800
12,91	-0,834
12,92	-0,861
12,93	-0,875
12,94	-0,881
12,95	-0,891
12,96	-0,912
12,97	-0,940
12,98	-0,963
12,99	-0,974
13,0	-0,974
13,01	-0,971
13,02	-0,971
13,03	-0,976
13,04	-0,981
13,05	-0,980
13,06	-0,971
13,07	-0,953
13,08	-0,930
13,09	-0,907
13,1	-0,891
13,11	-0,884
13,12	-0,885
13,13	-0,886
13,14	-0,883
13,15	-0,873
13,16	-0,861
13,17	-0,849
13,18	-0,841
13,19	-0,835
13,2	-0,830
13,21	-0,826
13,22	-0,821
13,23	-0,817
13,24	-0,814
13,25	-0,814
13,26	-0,813
13,27	-0,806
13,28	-0,798
13,29	-0,792
13,3	-0,789
13,31	-0,791
13,32	-0,793
13,33	-0,794
13,34	-0,791
13,35	-0,782
13,36	-0,766
13,37	-0,738
13,38	-0,692
13,39	-0,645
13,4	-0,620
13,41	-0,620
13,42	-0,627
13,43	-0,628
13,44	-0,619
13,45	-0,605
13,46	-0,596
13,47	-0,601
13,48	-0,613
13,49	-0,621
13,5	-0,621
13,51	-0,613
13,52	-0,605
13,53	-0,601
13,54	-0,601
13,55	-0,606
13,56	-0,609
13,57	-0,605
13,58	-0,592
13,59	-0,568
13,6	-0,537
13,61	-0,508
13,62	-0,489
13,63	-0,480
13,64	-0,479
13,65	-0,476
13,66	-0,466
13,67	-0,450
13,68	-0,434
13,69	-0,421
13,7	-0,411
13,71	-0,398
13,72	-0,382
13,73	-0,362
13,74	-0,346
13,75	-0,336
13,76	-0,330
13,77	-0,326
13,78	-0,324
13,79	-0,324
13,8	-0,326
13,81	-0,331
13,82	-0,341
13,83	-0,360
13,84	-0,383
13,85	-0,407
13,86	-0,424
13,87	-0,431
13,88	-0,425
13,89	-0,399
13,9	-0,362
13,91	-0,341
13,92	-0,338
13,93	-0,338
13,94	-0,331
13,95	-0,320
13,96	-0,311
13,97	-0,309
13,98	-0,322
13,99	-0,343
14,0	-0,361
14,01	-0,370
14,02	-0,365
14,03	-0,347
14,04	-0,319
14,05	-0,285
14,06	-0,251
14,07	-0,221
14,08	-0,196
14,09	-0,173
14,1	-0,148
14,11	-0,119
14,12	-0,090
14,13	-0,064
14,14	-0,041
14,15	-0,019
14,16	0,007
14,17	0,036
14,18	0,063
14,19	0,087
14,2	0,114
14,21	0,148
14,22	0,190
14,23	0,234
14,24	0,273
14,25	0,308
14,26	0,346
14,27	0,388
14,28	0,431
14,29	0,469
14,3	0,494
14,31	0,504
14,32	0,509
14,33	0,516
14,34	0,534
14,35	0,564
14,36	0,604
14,37	0,652
14,38	0,707
14,39	0,774
14,4	0,853
14,41	0,929
14,42	0,981
14,43	1,001
14,44	1,008
14,45	1,021
14,46	1,046
14,47	1,071
14,48	1,089
14,49	1,098
14,5	1,105
14,51	1,117
14,52	1,130
14,53	1,139
14,54	1,139
14,55	1,134
14,56	1,134
14,57	1,146
14,58	1,170
14,59	1,200
14,6	1,231
14,61	1,255
14,62	1,271
14,63	1,278
14,64	1,276
14,65	1,270
14,66	1,263
14,67	1,256
14,68	1,245
14,69	1,231
14,7	1,218
14,71	1,211
14,72	1,204
14,73	1,189
14,74	1,163
14,75	1,136
14,76	1,123
14,77	1,131
14,78	1,151
14,79	1,164
14,8	1,161
14,81	1,145
14,82	1,123
14,83	1,099
14,84	1,077
14,85	1,057
14,86	1,046
14,87	1,049
14,88	1,070
14,89	1,104
14,9	1,150
14,91	1,203
14,92	1,245
14,93	1,256
14,94	1,239
14,95	1,219
14,96	1,216
14,97	1,228
14,98	1,236
14,99	1,235
15,0	1,223
15,01	1,204
15,02	1,188
15,03	1,171
15,04	1,153
15,05	1,126
15,06	1,089
15,07	1,049
15,08	1,009
15,09	0,975
15,1	0,953
15,11	0,949
15,12	0,972
15,13	1,011
15,14	1,048
15,15	1,063
15,16	1,058
15,17	1,048
15,18	1,044
15,19	1,046
15,2	1,048
15,21	1,049
15,22	1,054
15,23	1,062
15,24	1,070
15,25	1,074
15,26	1,072
15,27	1,068
15,28	1,065
15,29	1,065
15,3	1,064
15,31	1,056
15,32	1,038
15,33	1,008
15,34	0,971
15,35	0,932
15,36	0,893
15,37	0,855
15,38	0,818
15,39	0,781
15,4	0,753
15,41	0,740
15,42	0,729
15,43	0,697
15,44	0,639
15,45	0,574
15,46	0,529
15,47	0,510
15,48	0,491
15,49	0,457
15,5	0,409
15,51	0,357
15,52	0,313
15,53	0,278
15,54	0,242
15,55	0,202
15,56	0,155
15,57	0,108
15,58	0,066
15,59	0,037
15,6	0,021
15,61	0,014
15,62	0,011
15,63	0,006
15,64	-0,003
15,65	-0,022
15,66	-0,046
15,67	-0,074
15,68	-0,104
15,69	-0,137
15,7	-0,172
15,71	-0,206
15,72	-0,239
15,73	-0,270
15,74	-0,296
15,75	-0,318
15,76	-0,336
15,77	-0,356
15,78	-0,376
15,79	-0,399
15,8	-0,424
15,81	-0,449
15,82	-0,476
15,83	-0,501
15,84	-0,527
15,85	-0,550
15,86	-0,571
15,87	-0,589
15,88	-0,609
15,89	-0,629
15,9	-0,642
15,91	-0,643
15,92	-0,638
15,93	-0,644
15,94	-0,667
15,95	-0,689
15,96	-0,702
15,97	-0,704
15,98	-0,706
15,99	-0,717
16,0	-0,739
16,01	-0,769
16,02	-0,797
16,03	-0,818
16,04	-0,833
16,05	-0,848
16,06	-0,868
16,07	-0,888
16,08	-0,904
16,09	-0,911
16,1	-0,911
16,11	-0,905
16,12	-0,898
16,13	-0,893
16,14	-0,893
16,15	-0,897
16,16	-0,907
16,17	-0,922
16,18	-0,938
16,19	-0,954
16,2	-0,969
16,21	-0,981
16,22	-0,991
16,23	-0,995
16,24	-0,996
16,25	-0,997
16,26	-0,998
16,27	-0,998
16,28	-0,994
16,29	-0,988
16,3	-0,977
16,31	-0,966
16,32	-0,958
16,33	-0,954
16,34	-0,956
16,35	-0,961
16,36	-0,964
16,37	-0,961
16,38	-0,953
16,39	-0,941
16,4	-0,926
16,41	-0,906
16,42	-0,876
16,43	-0,843
16,44	-0,819
16,45	-0,809
16,46	-0,803
16,47	-0,794
16,48	-0,785
16,49	-0,779
16,5	-0,780
16,51	-0,793
16,52	-0,816
16,53	-0,836
16,54	-0,849
16,55	-0,858
16,56	-0,867
16,57	-0,878
16,58	-0,895
16,59	-0,914
16,6	-0,930
16,61	-0,941
16,62	-0,946
16,63	-0,946
16,64	-0,941
16,65	-0,935
16,66	-0,933
16,67	-0,938
16,68	-0,949
16,69	-0,962
16,7	-0,973
16,71	-0,984
16,72	-0,998
16,73	-1,015
16,74	-1,032
16,75	-1,047
16,76	-1,055
16,77	-1,056
16,78	-1,051
16,79	-1,047
16,8	-1,043
16,81	-1,039
16,82	-1,036
16,83	-1,034
16,84	-1,033
16,85	-1,034
16,86	-1,036
16,87	-1,038
16,88	-1,041
16,89	-1,043
16,9	-1,043
16,91	-1,044
16,92	-1,043
16,93	-1,028
16,94	-0,994
16,95	-0,953
16,96	-0,922
16,97	-0,909
16,98	-0,902
16,99	-0,893
17,0	-0,880
17,01	-0,863
17,02	-0,846
17,03	-0,841
17,04	-0,843
17,05	-0,843
17,06	-0,836
17,07	-0,823
17,08	-0,806
17,09	-0,787
17,1	-0,765
17,11	-0,740
17,12	-0,711
17,13	-0,680
17,14	-0,645
17,15	-0,607
17,16	-0,568
17,17	-0,531
17,18	-0,500
17,19	-0,472
17,2	-0,444
17,21	-0,413
17,22	-0,376
17,23	-0,337
17,24	-0,297
17,25	-0,258
17,26	-0,218
17,27	-0,177
17,28	-0,140
17,29	-0,109
17,3	-0,083
17,31	-0,058
17,32	-0,028
17,33	0,009
17,34	0,046
17,35	0,079
17,36	0,101
17,37	0,113
17,38	0,119
17,39	0,128
17,4	0,144
17,41	0,174
17,42	0,219
17,43	0,273
17,44	0,328
17,45	0,381
17,46	0,438
17,47	0,501
17,48	0,560
17,49	0,606
17,5	0,644
17,51	0,689
17,52	0,748
17,53	0,811
17,54	0,871
17,55	0,917
17,56	0,950
17,57	0,984
17,58	1,031
17,59	1,084
17,6	1,132
17,61	1,169
17,62	1,198
17,63	1,229
17,64	1,266
17,65	1,311
17,66	1,363
17,67	1,418
17,68	1,474
17,69	1,532
17,7	1,584
17,71	1,626
17,72	1,656
17,73	1,677
17,74	1,698
17,75	1,720
17,76	1,745
17,77	1,775
17,78	1,813
17,79	1,856
17,8	1,897
17,81	1,931
17,82	1,956
17,83	1,978
17,84	2,001
17,85	2,026
17,86	2,049
17,87	2,067
17,88	2,080
17,89	2,088
17,9	2,094
17,91	2,099
17,92	2,104
17,93	2,112
17,94	2,126
17,95	2,147
17,96	2,172
17,97	2,192
17,98	2,201
17,99	2,204
18,0	2,213
18,01	2,234
18,02	2,254
18,03	2,258
18,04	2,251
18,05	2,254
18,06	2,273
18,07	2,296
18,08	2,309
18,09	2,312
18,1	2,312
18,11	2,316
18,12	2,319
18,13	2,314
18,14	2,296
18,15	2,267
18,16	2,239
18,17	2,228
18,18	2,238
18,19	2,261
18,2	2,281
18,21	2,291
18,22	2,297
18,23	2,304
18,24	2,312
18,25	2,311
18,26	2,302
18,27	2,288
18,28	2,274
18,29	2,259
18,3	2,241
18,31	2,223
18,32	2,208
18,33	2,194
18,34	2,178
18,35	2,160
18,36	2,141
18,37	2,121
18,38	2,100
18,39	2,076
18,4	2,049
18,41	2,019
18,42	1,985
18,43	1,948
18,44	1,907
18,45	1,864
18,46	1,820
18,47	1,776
18,48	1,731
18,49	1,686
18,5	1,639
18,51	1,593
18,52	1,547
18,53	1,502
18,54	1,463
18,55	1,434
18,56	1,419
18,57	1,404
18,58	1,367
18,59	1,305
18,6	1,246
18,61	1,218
18,62	1,213
18,63	1,203
18,64	1,174
18,65	1,136
18,66	1,101
18,67	1,076
18,68	1,057
18,69	1,029
18,7	0,988
18,71	0,938
18,72	0,893
18,73	0,863
18,74	0,848
18,75	0,840
18,76	0,832
18,77	0,822
18,78	0,810
18,79	0,796
18,8	0,776
18,81	0,744
18,82	0,707
18,83	0,672
18,84	0,642
18,85	0,616
18,86	0,590
18,87	0,565
18,88	0,541
18,89	0,521
18,9	0,504
18,91	0,487
18,92	0,469
18,93	0,449
18,94	0,427
18,95	0,406
18,96	0,384
18,97	0,364
18,98	0,344
18,99	0,326
19,0	0,310
19,01	0,295
19,02	0,281
19,03	0,269
19,04	0,260
19,05	0,250
19,06	0,236
19,07	0,216
19,08	0,190
19,09	0,165
19,1	0,142
19,11	0,121
19,12	0,101
19,13	0,091
19,14	0,090
19,15	0,082
19,16	0,049
19,17	0,001
19,18	-0,038
19,19	-0,059
19,2	-0,069
19,21	-0,083
19,22	-0,108
19,23	-0,143
19,24	-0,179
19,25	-0,211
19,26	-0,239
19,27	-0,268
19,28	-0,302
19,29	-0,336
19,3	-0,359
19,31	-0,366
19,32	-0,359
19,33	-0,352
19,34	-0,352
19,35	-0,361
19,36	-0,373
19,37	-0,384
19,38	-0,396
19,39	-0,411
19,4	-0,428
19,41	-0,445
19,42	-0,461
19,43	-0,478
19,44	-0,496
19,45	-0,513
19,46	-0,529
19,47	-0,540
19,48	-0,547
19,49	-0,551
19,5	-0,553
19,51	-0,554
19,52	-0,554
19,53	-0,556
19,54	-0,560
19,55	-0,564
19,56	-0,568
19,57	-0,571
19,58	-0,576
19,59	-0,580
19,6	-0,583
19,61	-0,587
19,62	-0,592
19,63	-0,599
19,64	-0,606
19,65	-0,611
19,66	-0,613
19,67	-0,613
19,68	-0,611
19,69	-0,611
19,7	-0,612
19,71	-0,613
19,72	-0,615
19,73	-0,620
19,74	-0,628
19,75	-0,630
19,76	-0,618
19,77	-0,594
19,78	-0,583
19,79	-0,590
19,8	-0,601
19,81	-0,604
19,82	-0,605
19,83	-0,606
19,84	-0,607
19,85	-0,614
19,86	-0,630
19,87	-0,647
19,88	-0,656
19,89	-0,660
19,9	-0,661
19,91	-0,661
19,92	-0,662
19,93	-0,661
19,94	-0,658
19,95	-0,652
19,96	-0,641
19,97	-0,629
19,98	-0,616
19,99	-0,602
20,0	-0,588
20,01	-0,578
20,02	-0,568
20,03	-0,555
20,04	-0,537
20,05	-0,520
20,06	-0,508
20,07	-0,501
20,08	-0,494
20,09	-0,486
20,1	-0,476
20,11	-0,468
20,12	-0,459
20,13	-0,451
20,14	-0,442
20,15	-0,432
20,16	-0,422
20,17	-0,412
20,18	-0,402
20,19	-0,393
20,2	-0,385
20,21	-0,376
20,22	-0,363
20,23	-0,350
20,24	-0,339
20,25	-0,333
20,26	-0,328
20,27	-0,320
20,28	-0,306
20,29	-0,287
20,3	-0,268
20,31	-0,256
20,32	-0,256
20,33	-0,264
20,34	-0,274
20,35	-0,281
20,36	-0,281
20,37	-0,279
20,38	-0,274
20,39	-0,261
20,4	-0,233
20,41	-0,196
20,42	-0,173
20,43	-0,166
20,44	-0,161
20,45	-0,150
20,46	-0,136
20,47	-0,121
20,48	-0,105
20,49	-0,096
20,5	-0,092
20,51	-0,084
20,52	-0,070
20,53	-0,054
20,54	-0,044
20,55	-0,037
20,56	-0,031
20,57	-0,019
20,58	0,001
20,59	0,029
20,6	0,063
20,61	0,099
20,62	0,136
20,63	0,171
20,64	0,204
20,65	0,232
20,66	0,253
20,67	0,269
20,68	0,283
20,69	0,299
20,7	0,318
20,71	0,337
20,72	0,359
20,73	0,386
20,74	0,416
20,75	0,447
20,76	0,475
20,77	0,499
20,78	0,521
20,79	0,546
20,8	0,576
20,81	0,610
20,82	0,647
20,83	0,685
20,84	0,720
20,85	0,749
20,86	0,774
20,87	0,794
20,88	0,812
20,89	0,826
20,9	0,836
20,91	0,846
20,92	0,860
20,93	0,879
20,94	0,904
20,95	0,929
20,96	0,956
20,97	0,989
20,98	1,033
20,99	1,080
21,0	1,114
21,01	1,134
21,02	1,154
21,03	1,180
21,04	1,208
21,05	1,229
21,06	1,241
21,07	1,243
21,08	1,242
21,09	1,250
21,1	1,268
21,11	1,289
21,12	1,307
21,13	1,318
21,14	1,326
21,15	1,338
21,16	1,355
21,17	1,376
21,18	1,399
21,19	1,419
21,2	1,439
21,21	1,458
21,22	1,476
21,23	1,492
21,24	1,503
21,25	1,509
21,26	1,514
21,27	1,515
21,28	1,514
21,29	1,513
21,3	1,518
21,31	1,534
21,32	1,556
21,33	1,579
21,34	1,600
21,35	1,617
21,36	1,631
21,37	1,645
21,38	1,659
21,39	1,672
