Interval=	0,01 s
ExcelDateTime=	4,1975582744861116e+004	02.12.2014 13:59:09,156
TimeFormat=	StartOfBlock
ChannelTitle=	Channel 1
Range=	20,000 mV
0,0	2,456
0,01	2,425
0,02	2,397
0,03	2,377
0,04	2,370
0,05	2,374
0,06	2,381
0,07	2,382
0,08	2,374
0,09	2,351
0,1	2,314
0,11	2,265
0,12	2,206
0,13	2,144
0,14	2,095
0,15	2,067
0,16	2,062
0,17	2,071
0,18	2,079
0,19	2,075
0,2	2,056
0,21	2,023
0,22	1,979
0,23	1,928
0,24	1,871
0,25	1,809
0,26	1,747
0,27	1,681
0,28	1,608
0,29	1,533
0,3	1,467
0,31	1,423
0,32	1,408
0,33	1,409
0,34	1,406
0,35	1,389
0,36	1,369
0,37	1,363
0,38	1,376
0,39	1,399
0,4	1,417
0,41	1,419
0,42	1,403
0,43	1,370
0,44	1,321
0,45	1,268
0,46	1,242
0,47	1,271
0,48	1,355
0,49	1,470
0,5	1,586
0,51	1,684
0,52	1,759
0,53	1,809
0,54	1,833
0,55	1,838
0,56	1,843
0,57	1,873
0,58	1,958
0,59	2,114
0,6	2,315
0,61	2,518
0,62	2,691
0,63	2,822
0,64	2,917
0,65	2,990
0,66	3,064
0,67	3,164
0,68	3,315
0,69	3,518
0,7	3,748
0,71	3,962
0,72	4,124
0,73	4,229
0,74	4,305
0,75	4,391
0,76	4,513
0,77	4,669
0,78	4,828
0,79	4,955
0,8	5,046
0,81	5,125
0,82	5,213
0,83	5,308
0,84	5,389
0,85	5,458
0,86	5,539
0,87	5,653
0,88	5,786
0,89	5,901
0,9	5,981
0,91	6,038
0,92	6,097
0,93	6,173
0,94	6,259
0,95	6,344
0,96	6,418
0,97	6,478
0,98	6,527
0,99	6,565
1,0	6,597
1,01	6,641
1,02	6,708
1,03	6,800
1,04	6,918
1,05	7,052
1,06	7,168
1,07	7,242
1,08	7,288
1,09	7,332
1,1	7,384
1,11	7,441
1,12	7,507
1,13	7,578
1,14	7,638
1,15	7,690
1,16	7,744
1,17	7,798
1,18	7,836
1,19	7,853
1,2	7,866
1,21	7,898
1,22	7,952
1,23	8,012
1,24	8,072
1,25	8,131
1,26	8,185
1,27	8,227
1,28	8,257
1,29	8,280
1,3	8,296
1,31	8,298
1,32	8,277
1,33	8,231
1,34	8,166
1,35	8,109
1,36	8,091
1,37	8,092
1,38	8,045
1,39	7,931
1,4	7,809
1,41	7,719
1,42	7,656
1,43	7,588
1,44	7,491
1,45	7,365
1,46	7,224
1,47	7,081
1,48	6,945
1,49	6,821
1,5	6,706
1,51	6,593
1,52	6,486
1,53	6,391
1,54	6,309
1,55	6,236
1,56	6,162
1,57	6,081
1,58	5,998
1,59	5,918
1,6	5,829
1,61	5,729
1,62	5,632
1,63	5,551
1,64	5,478
1,65	5,391
1,66	5,288
1,67	5,178
1,68	5,070
1,69	4,973
1,7	4,885
1,71	4,799
1,72	4,709
1,73	4,617
1,74	4,525
1,75	4,431
1,76	4,333
1,77	4,228
1,78	4,117
1,79	4,007
1,8	3,901
1,81	3,805
1,82	3,714
1,83	3,615
1,84	3,499
1,85	3,376
1,86	3,271
1,87	3,195
1,88	3,116
1,89	3,009
1,9	2,884
1,91	2,769
1,92	2,677
1,93	2,597
1,94	2,511
1,95	2,412
1,96	2,306
1,97	2,203
1,98	2,109
1,99	2,022
2,0	1,938
2,01	1,857
2,02	1,778
2,03	1,695
2,04	1,607
2,05	1,513
2,06	1,418
2,07	1,327
2,08	1,239
2,09	1,156
2,1	1,078
2,11	1,010
2,12	0,953
2,13	0,902
2,14	0,849
2,15	0,789
2,16	0,725
2,17	0,665
2,18	0,616
2,19	0,581
2,2	0,558
2,21	0,536
2,22	0,511
2,23	0,480
2,24	0,449
2,25	0,431
2,26	0,436
2,27	0,463
2,28	0,494
2,29	0,509
2,3	0,504
2,31	0,498
2,32	0,500
2,33	0,507
2,34	0,509
2,35	0,507
2,36	0,511
2,37	0,531
2,38	0,566
2,39	0,606
2,4	0,645
2,41	0,680
2,42	0,709
2,43	0,733
2,44	0,756
2,45	0,789
2,46	0,836
2,47	0,887
2,48	0,930
2,49	0,954
2,5	0,957
2,51	0,946
2,52	0,934
2,53	0,934
2,54	0,947
2,55	0,964
2,56	0,976
2,57	0,978
2,58	0,963
2,59	0,931
2,6	0,885
2,61	0,836
2,62	0,791
2,63	0,755
2,64	0,728
2,65	0,706
2,66	0,686
2,67	0,659
2,68	0,624
2,69	0,584
2,7	0,549
2,71	0,528
2,72	0,519
2,73	0,519
2,74	0,517
2,75	0,515
2,76	0,514
2,77	0,520
2,78	0,524
2,79	0,514
2,8	0,488
2,81	0,456
2,82	0,434
2,83	0,426
2,84	0,421
2,85	0,409
2,86	0,387
2,87	0,359
2,88	0,334
2,89	0,323
2,9	0,334
2,91	0,368
2,92	0,419
2,93	0,482
2,94	0,558
2,95	0,648
2,96	0,750
2,97	0,859
2,98	0,970
2,99	1,081
3,0	1,190
3,01	1,307
3,02	1,444
3,03	1,605
3,04	1,779
3,05	1,947
3,06	2,093
3,07	2,224
3,08	2,356
3,09	2,506
3,1	2,676
3,11	2,850
3,12	3,004
3,13	3,122
3,14	3,208
3,15	3,286
3,16	3,376
3,17	3,481
3,18	3,585
3,19	3,676
3,2	3,752
3,21	3,829
3,22	3,921
3,23	4,031
3,24	4,151
3,25	4,274
3,26	4,390
3,27	4,484
3,28	4,550
3,29	4,597
3,3	4,639
3,31	4,686
3,32	4,734
3,33	4,765
3,34	4,781
3,35	4,813
3,36	4,886
3,37	4,983
3,38	5,061
3,39	5,108
3,4	5,136
3,41	5,156
3,42	5,166
3,43	5,181
3,44	5,215
3,45	5,257
3,46	5,280
3,47	5,282
3,48	5,284
3,49	5,299
3,5	5,333
3,51	5,390
3,52	5,468
3,53	5,540
3,54	5,583
3,55	5,598
3,56	5,606
3,57	5,628
3,58	5,660
3,59	5,675
3,6	5,661
3,61	5,641
3,62	5,653
3,63	5,707
3,64	5,772
3,65	5,816
3,66	5,829
3,67	5,821
3,68	5,813
3,69	5,814
3,7	5,827
3,71	5,849
3,72	5,884
3,73	5,934
3,74	5,989
3,75	6,032
3,76	6,061
3,77	6,085
3,78	6,110
3,79	6,142
3,8	6,184
3,81	6,228
3,82	6,252
3,83	6,246
3,84	6,232
3,85	6,236
3,86	6,239
3,87	6,216
3,88	6,177
3,89	6,149
3,9	6,141
3,91	6,152
3,92	6,176
3,93	6,198
3,94	6,206
3,95	6,195
3,96	6,154
3,97	6,068
3,98	5,938
3,99	5,782
4,0	5,611
4,01	5,421
4,02	5,216
4,03	5,003
4,04	4,786
4,05	4,566
4,06	4,353
4,07	4,159
4,08	3,996
4,09	3,879
4,1	3,828
4,11	3,826
4,12	3,809
4,13	3,722
4,14	3,585
4,15	3,444
4,16	3,319
4,17	3,205
4,18	3,099
4,19	3,004
4,2	2,924
4,21	2,858
4,22	2,806
4,23	2,761
4,24	2,712
4,25	2,648
4,26	2,566
4,27	2,474
4,28	2,382
4,29	2,299
4,3	2,218
4,31	2,130
4,32	2,036
4,33	1,951
4,34	1,888
4,35	1,834
4,36	1,760
4,37	1,664
4,38	1,572
4,39	1,496
4,4	1,429
4,41	1,347
4,42	1,246
4,43	1,135
4,44	1,036
4,45	0,962
4,46	0,912
4,47	0,872
4,48	0,830
4,49	0,785
4,5	0,740
4,51	0,695
4,52	0,644
4,53	0,584
4,54	0,518
4,55	0,454
4,56	0,393
4,57	0,329
4,58	0,263
4,59	0,194
4,6	0,129
4,61	0,066
4,62	0,004
4,63	-0,060
4,64	-0,123
4,65	-0,184
4,66	-0,244
4,67	-0,297
4,68	-0,342
4,69	-0,378
4,7	-0,408
4,71	-0,439
4,72	-0,472
4,73	-0,508
4,74	-0,544
4,75	-0,581
4,76	-0,609
4,77	-0,621
4,78	-0,619
4,79	-0,621
4,8	-0,644
4,81	-0,689
4,82	-0,738
4,83	-0,772
4,84	-0,788
4,85	-0,799
4,86	-0,814
4,87	-0,836
4,88	-0,862
4,89	-0,886
4,9	-0,904
4,91	-0,916
4,92	-0,922
4,93	-0,929
4,94	-0,940
4,95	-0,956
4,96	-0,974
4,97	-0,986
4,98	-0,987
4,99	-0,978
5,0	-0,963
5,01	-0,953
5,02	-0,950
5,03	-0,956
5,04	-0,970
5,05	-0,993
5,06	-1,023
5,07	-1,059
5,08	-1,098
5,09	-1,133
5,1	-1,160
5,11	-1,175
5,12	-1,179
5,13	-1,177
5,14	-1,173
5,15	-1,174
5,16	-1,184
5,17	-1,202
5,18	-1,219
5,19	-1,226
5,2	-1,215
5,21	-1,189
5,22	-1,160
5,23	-1,140
5,24	-1,133
5,25	-1,123
5,26	-1,084
5,27	-1,008
5,28	-0,912
5,29	-0,831
5,3	-0,773
5,31	-0,723
5,32	-0,657
5,33	-0,553
5,34	-0,409
5,35	-0,228
5,36	-0,024
5,37	0,184
5,38	0,371
5,39	0,524
5,4	0,659
5,41	0,801
5,42	0,963
5,43	1,120
5,44	1,225
5,45	1,254
5,46	1,241
5,47	1,264
5,48	1,374
5,49	1,551
5,5	1,731
5,51	1,862
5,52	1,925
5,53	1,929
5,54	1,896
5,55	1,850
5,56	1,811
5,57	1,783
5,58	1,754
5,59	1,702
5,6	1,623
5,61	1,553
5,62	1,554
5,63	1,658
5,64	1,818
5,65	1,954
5,66	2,022
5,67	2,022
5,68	1,971
5,69	1,879
5,7	1,774
5,71	1,719
5,72	1,786
5,73	1,983
5,74	2,241
5,75	2,493
5,76	2,704
5,77	2,848
5,78	2,914
5,79	2,946
5,8	2,998
5,81	3,095
5,82	3,228
5,83	3,383
5,84	3,554
5,85	3,726
5,86	3,882
5,87	4,006
5,88	4,088
5,89	4,136
5,9	4,190
5,91	4,282
5,92	4,404
5,93	4,531
5,94	4,651
5,95	4,767
5,96	4,877
5,97	4,962
5,98	5,004
5,99	5,011
6,0	5,011
6,01	5,027
6,02	5,064
6,03	5,107
6,04	5,159
6,05	5,232
6,06	5,319
6,07	5,399
6,08	5,455
6,09	5,492
6,1	5,542
6,11	5,624
6,12	5,721
6,13	5,785
6,14	5,787
6,15	5,739
6,16	5,689
6,17	5,689
6,18	5,744
6,19	5,798
6,2	5,798
6,21	5,742
6,22	5,673
6,23	5,635
6,24	5,636
6,25	5,641
6,26	5,609
6,27	5,539
6,28	5,466
6,29	5,409
6,3	5,329
6,31	5,179
6,32	4,975
6,33	4,755
6,34	4,521
6,35	4,260
6,36	3,986
6,37	3,722
6,38	3,478
6,39	3,266
6,4	3,104
6,41	2,992
6,42	2,919
6,43	2,873
6,44	2,829
6,45	2,759
6,46	2,652
6,47	2,516
6,48	2,361
6,49	2,199
6,5	2,049
6,51	1,920
6,52	1,806
6,53	1,686
6,54	1,549
6,55	1,396
6,56	1,234
6,57	1,089
6,58	0,984
6,59	0,924
6,6	0,884
6,61	0,829
6,62	0,748
6,63	0,644
6,64	0,527
6,65	0,398
6,66	0,259
6,67	0,113
6,68	-0,035
6,69	-0,175
6,7	-0,288
6,71	-0,363
6,72	-0,403
6,73	-0,426
6,74	-0,460
6,75	-0,514
6,76	-0,581
6,77	-0,644
6,78	-0,703
6,79	-0,777
6,8	-0,882
6,81	-1,004
6,82	-1,123
6,83	-1,224
6,84	-1,312
6,85	-1,398
6,86	-1,489
6,87	-1,585
6,88	-1,683
6,89	-1,775
6,9	-1,859
6,91	-1,933
6,92	-1,996
6,93	-2,048
6,94	-2,093
6,95	-2,139
6,96	-2,196
6,97	-2,263
6,98	-2,337
6,99	-2,412
7,0	-2,486
7,01	-2,561
7,02	-2,636
7,03	-2,709
7,04	-2,778
7,05	-2,844
7,06	-2,908
7,07	-2,972
7,08	-3,040
7,09	-3,117
7,1	-3,213
7,11	-3,341
7,12	-3,518
7,13	-3,773
7,14	-4,111
7,15	-4,506
7,16	-4,946
7,17	-5,431
7,18	-5,941
7,19	-6,434
7,2	-6,864
7,21	-7,188
7,22	-7,338
7,23	-7,301
7,24	-7,142
7,25	-6,954
7,26	-6,804
7,27	-6,720
7,28	-6,692
7,29	-6,691
7,3	-6,688
7,31	-6,674
7,32	-6,652
7,33	-6,628
7,34	-6,598
7,35	-6,556
7,36	-6,494
7,37	-6,411
7,38	-6,313
7,39	-6,207
7,4	-6,106
7,41	-6,025
7,42	-5,975
7,43	-5,957
7,44	-5,965
7,45	-5,986
7,46	-6,009
7,47	-6,024
7,48	-6,027
7,49	-6,014
7,5	-5,988
7,51	-5,958
7,52	-5,933
7,53	-5,918
7,54	-5,918
7,55	-5,932
7,56	-5,961
7,57	-6,003
7,58	-6,054
7,59	-6,106
7,6	-6,151
7,61	-6,187
7,62	-6,220
7,63	-6,261
7,64	-6,311
7,65	-6,349
7,66	-6,321
7,67	-6,143
7,68	-5,754
7,69	-5,194
7,7	-4,588
7,71	-4,078
7,72	-3,756
7,73	-3,616
7,74	-3,584
7,75	-3,582
7,76	-3,573
7,77	-3,561
7,78	-3,555
7,79	-3,544
7,8	-3,495
7,81	-3,372
7,82	-3,166
7,83	-2,899
7,84	-2,606
7,85	-2,316
7,86	-2,059
7,87	-1,861
7,88	-1,731
7,89	-1,646
7,9	-1,573
7,91	-1,494
7,92	-1,403
7,93	-1,285
7,94	-1,118
7,95	-0,911
7,96	-0,701
7,97	-0,519
7,98	-0,371
7,99	-0,224
8,0	-0,057
8,01	0,116
8,02	0,259
8,03	0,359
8,04	0,462
8,05	0,621
8,06	0,834
8,07	1,038
8,08	1,179
8,09	1,268
8,1	1,352
8,11	1,454
8,12	1,558
8,13	1,659
8,14	1,788
8,15	1,983
8,16	2,260
8,17	2,604
8,18	2,965
8,19	3,288
8,2	3,558
8,21	3,802
8,22	4,046
8,23	4,286
8,24	4,503
8,25	4,701
8,26	4,922
8,27	5,197
8,28	5,499
8,29	5,759
8,3	5,941
8,31	6,067
8,32	6,184
8,33	6,323
8,34	6,469
8,35	6,578
8,36	6,632
8,37	6,664
8,38	6,724
8,39	6,817
8,4	6,915
8,41	6,984
8,42	7,026
8,43	7,064
8,44	7,107
8,45	7,136
8,46	7,121
8,47	7,066
8,48	7,015
8,49	6,998
8,5	6,989
8,51	6,950
8,52	6,865
8,53	6,733
8,54	6,536
8,55	6,256
8,56	5,903
8,57	5,520
8,58	5,161
8,59	4,862
8,6	4,656
8,61	4,576
8,62	4,607
8,63	4,646
8,64	4,583
8,65	4,419
8,66	4,231
8,67	4,048
8,68	3,846
8,69	3,615
8,7	3,371
8,71	3,135
8,72	2,926
8,73	2,766
8,74	2,679
8,75	2,652
8,76	2,626
8,77	2,551
8,78	2,435
8,79	2,308
8,8	2,189
8,81	2,079
8,82	1,974
8,83	1,869
8,84	1,763
8,85	1,661
8,86	1,568
8,87	1,484
8,88	1,409
8,89	1,340
8,9	1,269
8,91	1,197
8,92	1,128
8,93	1,067
8,94	1,009
8,95	0,949
8,96	0,884
8,97	0,815
8,98	0,746
8,99	0,677
9,0	0,613
9,01	0,552
9,02	0,495
9,03	0,441
9,04	0,390
9,05	0,341
9,06	0,292
9,07	0,242
9,08	0,191
9,09	0,141
9,1	0,092
9,11	0,046
9,12	-0,001
9,13	-0,052
9,14	-0,102
9,15	-0,142
9,16	-0,176
9,17	-0,216
9,18	-0,269
9,19	-0,322
9,2	-0,359
9,21	-0,379
9,22	-0,398
9,23	-0,427
9,24	-0,471
9,25	-0,516
9,26	-0,549
9,27	-0,570
9,28	-0,586
9,29	-0,606
9,3	-0,634
9,31	-0,664
9,32	-0,694
9,33	-0,718
9,34	-0,729
9,35	-0,725
9,36	-0,705
9,37	-0,677
9,38	-0,653
9,39	-0,638
9,4	-0,628
9,41	-0,617
9,42	-0,603
9,43	-0,588
9,44	-0,577
9,45	-0,571
9,46	-0,568
9,47	-0,563
9,48	-0,551
9,49	-0,531
9,5	-0,502
9,51	-0,473
9,52	-0,450
9,53	-0,440
9,54	-0,442
9,55	-0,449
9,56	-0,453
9,57	-0,448
9,58	-0,432
9,59	-0,411
9,6	-0,390
9,61	-0,374
9,62	-0,366
9,63	-0,364
9,64	-0,360
9,65	-0,346
9,66	-0,334
9,67	-0,334
9,68	-0,328
9,69	-0,296
9,7	-0,235
9,71	-0,161
9,72	-0,102
9,73	-0,072
9,74	-0,069
9,75	-0,076
9,76	-0,078
9,77	-0,073
9,78	-0,066
9,79	-0,064
9,8	-0,074
9,81	-0,094
9,82	-0,115
9,83	-0,131
9,84	-0,139
9,85	-0,149
9,86	-0,166
9,87	-0,194
9,88	-0,236
9,89	-0,288
9,9	-0,343
9,91	-0,395
9,92	-0,437
9,93	-0,464
9,94	-0,477
9,95	-0,476
9,96	-0,471
9,97	-0,470
9,98	-0,476
9,99	-0,489
10,0	-0,507
10,01	-0,530
10,02	-0,560
10,03	-0,596
10,04	-0,624
10,05	-0,621
10,06	-0,576
10,07	-0,504
10,08	-0,438
10,09	-0,392
10,1	-0,362
10,11	-0,339
10,12	-0,316
10,13	-0,289
10,14	-0,263
10,15	-0,263
10,16	-0,314
10,17	-0,384
10,18	-0,389
10,19	-0,285
10,2	-0,096
10,21	0,124
10,22	0,318
10,23	0,457
10,24	0,547
10,25	0,614
10,26	0,683
10,27	0,782
10,28	0,933
10,29	1,142
10,3	1,391
10,31	1,642
10,32	1,861
10,33	2,043
10,34	2,206
10,35	2,368
10,36	2,525
10,37	2,661
10,38	2,767
10,39	2,850
10,4	2,934
10,41	3,043
10,42	3,171
10,43	3,292
10,44	3,382
10,45	3,446
10,46	3,501
10,47	3,553
10,48	3,601
10,49	3,646
10,5	3,705
10,51	3,788
10,52	3,894
10,53	4,005
10,54	4,102
10,55	4,172
10,56	4,217
10,57	4,248
10,58	4,282
10,59	4,333
10,6	4,409
10,61	4,503
10,62	4,596
10,63	4,674
10,64	4,731
10,65	4,765
10,66	4,782
10,67	4,813
10,68	4,869
10,69	4,929
10,7	4,976
10,71	5,021
10,72	5,072
10,73	5,121
10,74	5,166
10,75	5,210
10,76	5,256
10,77	5,309
10,78	5,366
10,79	5,419
10,8	5,463
10,81	5,498
10,82	5,529
10,83	5,563
10,84	5,594
10,85	5,621
10,86	5,648
10,87	5,671
10,88	5,683
10,89	5,695
10,9	5,710
10,91	5,711
10,92	5,695
10,93	5,671
10,94	5,650
10,95	5,639
10,96	5,637
10,97	5,629
10,98	5,600
10,99	5,553
11,0	5,510
11,01	5,475
11,02	5,434
11,03	5,379
11,04	5,304
11,05	5,198
11,06	5,054
11,07	4,874
11,08	4,675
11,09	4,468
11,1	4,247
11,11	4,005
11,12	3,739
11,13	3,437
11,14	3,099
11,15	2,757
11,16	2,464
11,17	2,239
11,18	2,043
11,19	1,821
11,2	1,562
11,21	1,306
11,22	1,095
11,23	0,978
11,24	0,988
11,25	1,079
11,26	1,138
11,27	1,079
11,28	0,935
11,29	0,789
11,3	0,681
11,31	0,596
11,32	0,517
11,33	0,439
11,34	0,369
11,35	0,311
11,36	0,258
11,37	0,206
11,38	0,159
11,39	0,114
11,4	0,067
11,41	0,014
11,42	-0,041
11,43	-0,092
11,44	-0,139
11,45	-0,190
11,46	-0,249
11,47	-0,309
11,48	-0,362
11,49	-0,407
11,5	-0,446
11,51	-0,484
11,52	-0,527
11,53	-0,576
11,54	-0,633
11,55	-0,693
11,56	-0,753
11,57	-0,814
11,58	-0,880
11,59	-0,953
11,6	-1,028
11,61	-1,101
11,62	-1,166
11,63	-1,227
11,64	-1,293
11,65	-1,367
11,66	-1,436
11,67	-1,487
11,68	-1,523
11,69	-1,561
11,7	-1,608
11,71	-1,658
11,72	-1,701
11,73	-1,737
11,74	-1,773
11,75	-1,813
11,76	-1,858
11,77	-1,902
11,78	-1,939
11,79	-1,966
11,8	-1,980
11,81	-1,979
11,82	-1,965
11,83	-1,943
11,84	-1,927
11,85	-1,928
11,86	-1,947
11,87	-1,979
11,88	-2,016
11,89	-2,053
11,9	-2,086
11,91	-2,115
11,92	-2,141
11,93	-2,162
11,94	-2,177
11,95	-2,183
11,96	-2,175
11,97	-2,153
11,98	-2,121
11,99	-2,085
12,0	-2,053
12,01	-2,027
12,02	-2,009
12,03	-1,999
12,04	-1,996
12,05	-1,998
12,06	-2,006
12,07	-2,014
12,08	-2,018
12,09	-2,013
12,1	-1,997
12,11	-1,966
12,12	-1,919
12,13	-1,864
12,14	-1,826
12,15	-1,814
12,16	-1,814
12,17	-1,809
12,18	-1,797
12,19	-1,790
12,2	-1,797
12,21	-1,818
12,22	-1,846
12,23	-1,874
12,24	-1,899
12,25	-1,923
12,26	-1,949
12,27	-1,976
12,28	-1,998
12,29	-2,015
12,3	-2,033
12,31	-2,060
12,32	-2,098
12,33	-2,132
12,34	-2,148
12,35	-2,141
12,36	-2,116
12,37	-2,084
12,38	-2,056
12,39	-2,037
12,4	-2,031
12,41	-2,038
12,42	-2,053
12,43	-2,071
12,44	-2,091
12,45	-2,109
12,46	-2,121
12,47	-2,121
12,48	-2,104
12,49	-2,071
12,5	-2,026
12,51	-1,976
12,52	-1,929
12,53	-1,889
12,54	-1,861
12,55	-1,851
12,56	-1,858
12,57	-1,857
12,58	-1,811
12,59	-1,688
12,6	-1,491
12,61	-1,244
12,62	-0,966
12,63	-0,681
12,64	-0,417
12,65	-0,181
12,66	0,074
12,67	0,419
12,68	0,880
12,69	1,403
12,7	1,885
12,71	2,246
12,72	2,495
12,73	2,701
12,74	2,909
12,75	3,103
12,76	3,244
12,77	3,319
12,78	3,348
12,79	3,365
12,8	3,387
12,81	3,431
12,82	3,524
12,83	3,669
12,84	3,836
12,85	3,974
12,86	4,044
12,87	4,049
12,88	4,024
12,89	4,006
12,9	4,018
12,91	4,059
12,92	4,114
12,93	4,157
12,94	4,174
12,95	4,188
12,96	4,240
12,97	4,344
12,98	4,464
12,99	4,557
13,0	4,606
13,01	4,637
13,02	4,673
13,03	4,724
13,04	4,794
13,05	4,871
13,06	4,935
13,07	4,976
13,08	5,001
13,09	5,012
13,1	5,021
13,11	5,059
13,12	5,144
13,13	5,250
13,14	5,316
13,15	5,310
13,16	5,269
13,17	5,271
13,18	5,332
13,19	5,387
13,2	5,393
13,21	5,373
13,22	5,372
13,23	5,398
13,24	5,425
13,25	5,433
13,26	5,431
13,27	5,447
13,28	5,496
13,29	5,562
13,3	5,623
13,31	5,668
13,32	5,693
13,33	5,704
13,34	5,709
13,35	5,711
13,36	5,694
13,37	5,657
13,38	5,621
13,39	5,601
13,4	5,596
13,41	5,586
13,42	5,553
13,43	5,486
13,44	5,392
13,45	5,287
13,46	5,179
13,47	5,061
13,48	4,928
13,49	4,778
13,5	4,603
13,51	4,393
13,52	4,144
13,53	3,857
13,54	3,533
13,55	3,203
13,56	2,930
13,57	2,764
13,58	2,706
13,59	2,720
13,6	2,742
13,61	2,710
13,62	2,620
13,63	2,507
13,64	2,386
13,65	2,239
13,66	2,073
13,67	1,928
13,68	1,828
13,69	1,748
13,7	1,653
13,71	1,551
13,72	1,467
13,73	1,395
13,74	1,312
13,75	1,208
13,76	1,091
13,77	0,976
13,78	0,875
13,79	0,789
13,8	0,711
13,81	0,629
13,82	0,539
13,83	0,449
13,84	0,367
13,85	0,296
13,86	0,227
13,87	0,153
13,88	0,077
13,89	0,006
13,9	-0,061
13,91	-0,128
13,92	-0,197
13,93	-0,259
13,94	-0,307
13,95	-0,339
13,96	-0,364
13,97	-0,394
13,98	-0,436
13,99	-0,487
14,0	-0,537
14,01	-0,584
14,02	-0,630
14,03	-0,676
14,04	-0,724
14,05	-0,774
14,06	-0,822
14,07	-0,867
14,08	-0,907
14,09	-0,943
14,1	-0,976
14,11	-1,008
14,12	-1,033
14,13	-1,046
14,14	-1,054
14,15	-1,073
14,16	-1,095
14,17	-1,096
14,18	-1,063
14,19	-1,012
14,2	-0,985
14,21	-0,999
14,22	-1,028
14,23	-1,038
14,24	-1,018
14,25	-0,983
14,26	-0,954
14,27	-0,934
14,28	-0,917
14,29	-0,898
14,3	-0,883
14,31	-0,881
14,32	-0,893
14,33	-0,907
14,34	-0,914
14,35	-0,908
14,36	-0,903
14,37	-0,913
14,38	-0,940
14,39	-0,978
14,4	-1,026
14,41	-1,084
14,42	-1,151
14,43	-1,226
14,44	-1,302
14,45	-1,377
14,46	-1,448
14,47	-1,509
14,48	-1,558
14,49	-1,591
14,5	-1,603
14,51	-1,592
14,52	-1,564
14,53	-1,537
14,54	-1,531
14,55	-1,551
14,56	-1,591
14,57	-1,643
14,58	-1,699
14,59	-1,754
14,6	-1,806
14,61	-1,852
14,62	-1,883
14,63	-1,892
14,64	-1,880
14,65	-1,873
14,66	-1,892
14,67	-1,933
14,68	-1,978
14,69	-2,023
14,7	-2,077
14,71	-2,147
14,72	-2,230
14,73	-2,316
14,74	-2,389
14,75	-2,436
14,76	-2,446
14,77	-2,426
14,78	-2,386
14,79	-2,331
14,8	-2,265
14,81	-2,192
14,82	-2,116
14,83	-2,039
14,84	-1,959
14,85	-1,879
14,86	-1,805
14,87	-1,734
14,88	-1,660
14,89	-1,578
14,9	-1,483
14,91	-1,365
14,92	-1,221
14,93	-1,067
14,94	-0,924
14,95	-0,803
14,96	-0,701
14,97	-0,609
14,98	-0,517
14,99	-0,409
15,0	-0,260
15,01	-0,054
15,02	0,201
15,03	0,478
15,04	0,744
15,05	0,979
15,06	1,179
15,07	1,361
15,08	1,544
15,09	1,728
15,1	1,901
15,11	2,050
15,12	2,181
15,13	2,316
15,14	2,471
15,15	2,632
15,16	2,768
15,17	2,870
15,18	2,969
15,19	3,081
15,2	3,179
15,21	3,244
15,22	3,292
15,23	3,355
15,24	3,436
15,25	3,502
15,26	3,523
15,27	3,511
15,28	3,511
15,29	3,545
15,3	3,594
15,31	3,639
15,32	3,686
15,33	3,739
15,34	3,807
15,35	3,894
15,36	3,981
15,37	4,027
15,38	4,031
15,39	4,041
15,4	4,104
15,41	4,215
15,42	4,339
15,43	4,446
15,44	4,534
15,45	4,612
15,46	4,689
15,47	4,761
15,48	4,812
15,49	4,824
15,5	4,793
15,51	4,741
15,52	4,708
15,53	4,713
15,54	4,756
15,55	4,826
15,56	4,902
15,57	4,969
15,58	5,018
15,59	5,041
15,6	5,046
15,61	5,054
15,62	5,082
15,63	5,126
15,64	5,148
15,65	5,119
15,66	5,074
15,67	5,066
15,68	5,091
15,69	5,081
15,7	5,005
15,71	4,913
15,72	4,854
15,73	4,816
15,74	4,768
15,75	4,706
15,76	4,640
15,77	4,551
15,78	4,408
15,79	4,204
15,8	3,959
15,81	3,678
15,82	3,346
15,83	2,957
15,84	2,558
15,85	2,260
15,86	2,151
15,87	2,181
15,88	2,192
15,89	2,105
15,9	1,981
15,91	1,879
15,92	1,776
15,93	1,639
15,94	1,476
15,95	1,307
15,96	1,151
15,97	1,021
15,98	0,929
15,99	0,881
16,0	0,857
16,01	0,824
16,02	0,761
16,03	0,672
16,04	0,570
16,05	0,461
16,06	0,346
16,07	0,233
16,08	0,140
16,09	0,079
16,1	0,035
16,11	-0,018
16,12	-0,092
16,13	-0,186
16,14	-0,292
16,15	-0,404
16,16	-0,508
16,17	-0,594
16,18	-0,668
16,19	-0,750
16,2	-0,846
16,21	-0,939
16,22	-1,014
16,23	-1,076
16,24	-1,136
16,25	-1,204
16,26	-1,279
16,27	-1,360
16,28	-1,444
16,29	-1,530
16,3	-1,610
16,31	-1,678
16,32	-1,734
16,33	-1,781
16,34	-1,824
16,35	-1,870
16,36	-1,921
16,37	-1,970
16,38	-2,014
16,39	-2,047
16,4	-2,074
16,41	-2,094
16,42	-2,108
16,43	-2,118
16,44	-2,124
16,45	-2,129
16,46	-2,131
16,47	-2,127
16,48	-2,118
16,49	-2,091
16,5	-2,044
16,51	-1,984
16,52	-1,924
16,53	-1,873
16,54	-1,835
16,55	-1,807
16,56	-1,772
16,57	-1,713
16,58	-1,613
16,59	-1,465
16,6	-1,273
16,61	-1,064
16,62	-0,883
16,63	-0,748
16,64	-0,645
16,65	-0,542
16,66	-0,427
16,67	-0,314
16,68	-0,228
16,69	-0,182
16,7	-0,170
16,71	-0,174
16,72	-0,173
16,73	-0,160
16,74	-0,147
16,75	-0,153
16,76	-0,189
16,77	-0,255
16,78	-0,344
16,79	-0,435
16,8	-0,503
16,81	-0,534
16,82	-0,539
16,83	-0,541
16,84	-0,564
16,85	-0,614
16,86	-0,683
16,87	-0,752
16,88	-0,810
16,89	-0,855
16,9	-0,893
16,91	-0,928
16,92	-0,964
16,93	-1,004
16,94	-1,056
16,95	-1,127
16,96	-1,215
16,97	-1,295
16,98	-1,345
16,99	-1,366
17,0	-1,377
17,01	-1,401
17,02	-1,449
17,03	-1,521
17,04	-1,608
17,05	-1,707
17,06	-1,812
17,07	-1,920
17,08	-2,023
17,09	-2,111
17,1	-2,191
17,11	-2,284
17,12	-2,413
17,13	-2,572
17,14	-2,712
17,15	-2,774
17,16	-2,735
17,17	-2,628
17,18	-2,519
17,19	-2,448
17,2	-2,418
17,21	-2,408
17,22	-2,387
17,23	-2,329
17,24	-2,221
17,25	-2,056
17,26	-1,811
17,27	-1,460
17,28	-1,025
17,29	-0,588
17,3	-0,242
17,31	-0,011
17,32	0,166
17,33	0,379
17,34	0,671
17,35	1,004
17,36	1,323
17,37	1,598
17,38	1,843
17,39	2,087
17,4	2,351
17,41	2,627
17,42	2,881
17,43	3,082
17,44	3,238
17,45	3,384
17,46	3,543
17,47	3,715
17,48	3,875
17,49	3,998
17,5	4,084
17,51	4,168
17,52	4,281
17,53	4,411
17,54	4,518
17,55	4,564
17,56	4,553
17,57	4,540
17,58	4,584
17,59	4,670
17,6	4,738
17,61	4,765
17,62	4,780
17,63	4,812
17,64	4,854
17,65	4,896
17,66	4,937
17,67	4,970
17,68	4,973
17,69	4,946
17,7	4,935
17,71	4,974
17,72	5,062
17,73	5,176
17,74	5,292
17,75	5,391
17,76	5,474
17,77	5,549
17,78	5,620
17,79	5,692
17,8	5,771
17,81	5,845
17,82	5,884
17,83	5,889
17,84	5,891
17,85	5,916
17,86	5,967
17,87	6,011
17,88	6,014
17,89	5,982
17,9	5,946
17,91	5,914
17,92	5,859
17,93	5,780
17,94	5,708
17,95	5,646
17,96	5,553
17,97	5,412
17,98	5,242
17,99	5,067
18,0	4,875
18,01	4,641
18,02	4,369
18,03	4,104
18,04	3,881
18,05	3,684
18,06	3,464
18,07	3,188
18,08	2,885
18,09	2,627
18,1	2,465
18,11	2,370
18,12	2,269
18,13	2,120
18,14	1,931
18,15	1,719
18,16	1,489
18,17	1,245
18,18	1,012
18,19	0,824
18,2	0,700
18,21	0,629
18,22	0,578
18,23	0,517
18,24	0,431
18,25	0,324
18,26	0,206
18,27	0,088
18,28	-0,026
18,29	-0,142
18,3	-0,263
18,31	-0,386
18,32	-0,497
18,33	-0,585
18,34	-0,654
18,35	-0,714
18,36	-0,774
18,37	-0,838
18,38	-0,909
18,39	-0,988
18,4	-1,065
18,41	-1,132
18,42	-1,190
18,43	-1,246
18,44	-1,306
18,45	-1,373
18,46	-1,447
18,47	-1,520
18,48	-1,586
18,49	-1,641
18,5	-1,686
18,51	-1,726
18,52	-1,759
18,53	-1,782
18,54	-1,802
18,55	-1,834
18,56	-1,879
18,57	-1,921
18,58	-1,941
18,59	-1,936
18,6	-1,928
18,61	-1,938
18,62	-1,964
18,63	-1,992
18,64	-2,013
18,65	-2,024
18,66	-2,029
18,67	-2,029
18,68	-2,027
18,69	-2,028
18,7	-2,027
18,71	-2,015
18,72	-1,986
18,73	-1,941
18,74	-1,884
18,75	-1,828
18,76	-1,785
18,77	-1,764
18,78	-1,763
18,79	-1,770
18,8	-1,776
18,81	-1,780
18,82	-1,783
18,83	-1,787
18,84	-1,795
18,85	-1,808
18,86	-1,826
18,87	-1,847
18,88	-1,866
18,89	-1,876
18,9	-1,879
18,91	-1,886
18,92	-1,918
18,93	-1,988
18,94	-2,102
18,95	-2,251
18,96	-2,414
18,97	-2,532
18,98	-2,539
18,99	-2,431
19,0	-2,283
19,01	-2,180
19,02	-2,164
19,03	-2,229
19,04	-2,334
19,05	-2,436
19,06	-2,512
19,07	-2,560
19,08	-2,586
19,09	-2,600
19,1	-2,611
19,11	-2,622
19,12	-2,636
19,13	-2,652
19,14	-2,671
19,15	-2,689
19,16	-2,712
19,17	-2,744
19,18	-2,786
19,19	-2,838
19,2	-2,896
19,21	-2,958
19,22	-3,014
19,23	-3,051
19,24	-3,063
19,25	-3,052
19,26	-3,022
19,27	-2,975
19,28	-2,913
19,29	-2,838
19,3	-2,745
19,31	-2,634
19,32	-2,516
19,33	-2,405
19,34	-2,308
19,35	-2,212
19,36	-2,089
19,37	-1,903
19,38	-1,636
19,39	-1,306
19,4	-0,968
19,41	-0,684
19,42	-0,468
19,43	-0,280
19,44	-0,076
19,45	0,166
19,46	0,429
19,47	0,678
19,48	0,881
19,49	1,045
19,5	1,203
19,51	1,367
19,52	1,527
19,53	1,696
19,54	1,909
19,55	2,160
19,56	2,390
19,57	2,544
19,58	2,632
19,59	2,711
19,6	2,826
19,61	2,976
19,62	3,134
19,63	3,267
19,64	3,356
19,65	3,404
19,66	3,436
19,67	3,484
19,68	3,578
19,69	3,720
19,7	3,884
19,71	4,039
19,72	4,194
19,73	4,361
19,74	4,516
19,75	4,626
19,76	4,704
19,77	4,790
19,78	4,904
19,79	5,033
19,8	5,156
19,81	5,261
19,82	5,353
19,83	5,435
19,84	5,514
19,85	5,598
19,86	5,701
19,87	5,824
19,88	5,959
19,89	6,094
19,9	6,221
19,91	6,333
19,92	6,421
19,93	6,478
19,94	6,518
19,95	6,558
19,96	6,595
19,97	6,620
19,98	6,620
19,99	6,598
20,0	6,572
20,01	6,569
20,02	6,588
20,03	6,594
20,04	6,557
20,05	6,492
20,06	6,428
20,07	6,354
20,08	6,227
20,09	6,022
20,1	5,741
20,11	5,398
20,12	5,028
20,13	4,688
20,14	4,418
20,15	4,221
20,16	4,072
20,17	3,937
20,18	3,776
20,19	3,571
20,2	3,334
20,21	3,075
20,22	2,788
20,23	2,472
20,24	2,148
20,25	1,854
20,26	1,616
20,27	1,440
20,28	1,310
20,29	1,188
20,3	1,046
20,31	0,886
20,32	0,728
20,33	0,588
20,34	0,466
20,35	0,355
20,36	0,250
20,37	0,146
20,38	0,042
20,39	-0,059
20,4	-0,153
20,41	-0,239
20,42	-0,323
20,43	-0,410
20,44	-0,498
20,45	-0,582
20,46	-0,661
20,47	-0,743
20,48	-0,828
20,49	-0,908
20,5	-0,973
20,51	-1,029
20,52	-1,097
20,53	-1,188
20,54	-1,293
20,55	-1,397
20,56	-1,489
20,57	-1,567
20,58	-1,638
20,59	-1,708
20,6	-1,777
20,61	-1,843
20,62	-1,906
20,63	-1,968
20,64	-2,029
20,65	-2,089
20,66	-2,148
20,67	-2,201
20,68	-2,247
20,69	-2,289
20,7	-2,331
20,71	-2,370
20,72	-2,409
20,73	-2,453
20,74	-2,502
20,75	-2,558
20,76	-2,615
20,77	-2,672
20,78	-2,726
20,79	-2,776
20,8	-2,825
20,81	-2,871
20,82	-2,913
20,83	-2,953
20,84	-2,994
20,85	-3,037
20,86	-3,082
20,87	-3,127
20,88	-3,172
20,89	-3,212
20,9	-3,254
20,91	-3,302
20,92	-3,359
20,93	-3,414
20,94	-3,459
20,95	-3,498
20,96	-3,541
20,97	-3,586
20,98	-3,629
20,99	-3,671
21,0	-3,719
21,01	-3,779
21,02	-3,851
21,03	-3,931
21,04	-4,009
